708594596
6842532784
381253354
844929332
995542078
511191642
1774937413
7483626176
6741148510
5080929453
5113730554
6386119169
7320910795
5709440662
5323717422
1243683561
5640182220
1068906408
7316926681
6033446222
1211083683
7460722576
7240537303
406737391
5179685689
860469555
6278669466
6315050942
5187636859
6275978322
6826883918
5371176320
1412200256
7087637853
6864448751
1315938685
5983204205
7158776796
1160576129
5627751959
6291342921
7022271353
7164493836
1971938307
1819409992
7340415440
1890760493
5044814196
6523638215
7077623354
7090004618
6636180857
7497555646
6725899521
7033267915
7157948652
694757290
7200998349
7361880040
7196335304
5529364370
7239709450
7091124766
7322787904
6841689172
7265170622
6651071063
7045377303
5587009110
1592265142
1380984942
6635448639
5422076984
1398254435
7256677251
6545056825
6440344667
7022044083
6569638903
741273686
1632965841
7464950147
7202448954
6628791954
6117333442
7295703170
6745175026
7447064338
5467751061
2003177484
5351455357
7421080785
7254883056
7373213193
6145550875
7112902052
1816334134
5073386254
7280587262
801109032
7061034344
5231622806
6324983530
6438659521
7315877553
6414353733
7293910132
7354001796
6993744494
6841227486
1937602409
1126258383
7162354290
7350996003
337406550
1710698767
7295109004
5912342722
6530083690
7239919444
1125571649
6033046875
7297089624
6816143222
7461311402
7412828990
6783772917
5940444266
6805983208
7123912902
7274244727
5012620946
5572184731
1517630625
7011595832
5209706825
5447260584
6114314977
1290960997
6512193313
6598857046
6817500949
6901920478
6786411952
5883384386
862124803
7468682365
6828436449
5939294214
5552652676
1958121640
6405341323
1686336050
6925471472
6540365372
6993830848
1018050444
5339883660
1199614532
805773625
5585041348
6836975466
1533372149
7105860861
6632371310
1244843090
1614139603
2048610248
7379481635
902168972
7373614711
7266426213
7413610179
6168184916
7388265087
6944176941
7358796659
7093313863
7246909779
7024638738
7368494209
605057884
5646129802
1268838593
7342118164
7228447377
7453370923
6498895861
6686743126
6685405964
541699720
6930793538
1000658133
6779970479
6415484193
6583349318
6664628557
959345757
7346637386
6224501940
849220131
7225818658
5342425654
7105754365
7313817819
6366904071
7094757929
1301435848
7380099210
5653251520
5842519947
7039224941
6796273253
1071211863
6438111253
7363989429
5696070791
6105877317
6122642907
6576066854
6460785201
842250204
927634255
1607020103
7334194171
6168147213
6600352240
5326329874
810216846
6687782180
1074944413
7296672906
6734348103
6537178678
6074031100
7351751453
6480210096
1110699439
7322966890
6148164499
7323158866
7415558272
1072311777
5603558225
6763440246
1809379090
6425144925
214886620
6969840883
7234059018
7284004933
446788325
1266957188
6876341860
1508893382
6442842256
7180868351
6719520598
5644111653
7088839176
288364281
637092738
7236599439
7447256973
6076598878
6657873793
6086286103
6441146975
7187765812
5303450513
6330920202
6432953176
7425463004
2082497459
7469342141
7357333894
7394379989
2125487925
7056609751
7278134600
7206700178
619482073
6855202398
5459786819
7064938421
5881760672
7308046675
1647106165
1268597809
7220722007
7254434364
6426787571
7161550763
6670055900
6302804865
5798730434
1393477459
5284976008
7403893629
7184351365
7494668758
6919934700
128400404
7490213638
7091806052
7526803738
6721424698
6493611172
7383165837
6478935279
1625010652
7461455954
6339139154
7304624081
5447680754
6631477518
5044442135
7075864831
7082733836
7089762144
6427740476
6262420894
7419184984
6366525744
7074266645
5503574681
7275843333
6027877185
606177771
6313105208
1237693537
1649144767
1278133605
6086890186
6762196261
5311363154
5387364624
5813819349
7405627198
1843571174
7247645777
7439884472
7134448118
7216473792
7292755138
1829167292
5657022429
6698558136
5994666480
7531718067
7458002707
1057424815
1201317139
1252369884
1878988314
7460521980
5123407785
1229920244
154746252
1355860516
977861717
7435785239
7227069456
6476262188
1522710096
7264614205
6661395298
5288292440
1710325104
148381325
5572315529
7495762307
657481689
1544210079
6281400719
6170618406
1726588839
5868680397
6993766593
6240538265
7000763079
6714279813
6652390743
7498717014
7331096442
6580944959
7471105528
1455502087
5210026165
6058374875
6689006897
6406902390
903939245
5413576164
6821093220
5086912378
7460215891
6840543907
5524847125
7459346475
5213867633
6875250658
1106346673
1302836035
342990089
5480625208
7239401262
1974943001
5429922415
6235383560
1387861501
965912180
6517668082
6610372485
7109350407
6818788319
6339960528
5033463718
1147032140
7375973482
6676732276
7336043909
5419223305
6422696960
7265220072
6438567134
6271264592
6212894461
7184290434
6835001863
5748645425
7125251013
5442848839
7199416461
7094252814
7042406078
1735084614
6742477715
7318572792
6907426846
5333788392
2068161421
7368217088
7109621414
6446497107
7435706923
7429341962
6991804777
6463787725
1675273635
6625051427
7405852950
7395818743
6832456768
6867764928
6102591523
7090534673
7352644559
7284863651
6330839359
5719247206
7014232102
6054241707
7379957262
7248113299
7489028772
6786382598
7490245911
1308977220
5640090975
1903829746
2073950298
6082175066
7473872003
6850465487
1928903405
7407117639
6604337721
7251270884
6224432424
6021160114
5535587678
7424811228
7121499047
648282317
6134800020
644843382
6630505402
6398998580
1231112132
1652292746
7286239514
1977376591
5206340907
7224748360
7205033642
5570830909
6119526577
2143641424
7412123120
6700353015
7479805480
6519980355
5837342078
5995990989
7069786289
1937474525
7255661219
632671392
6487329242
5517895410
69512938
427414112
6022297753
956474360
7237230413
96981461
6922438949
7207047274
58826885
1756273910
6960115481
7487644365
7194816200
7163879701
6608929665
6012646987
5507186735
173780048
6840770729
7237372532
7086307893
5882102562
1569832066
1868108629
7391262764
7289406965
5871301096
1219932387
7331414886
6519473419
6984585525
7334044736
7290808303
5100260513
6158768062
7506789217
5316149624
6445739721
6877454248
1727156136
7066563444
7380554527
5820774625
1086991866
962053448
6769385507
7106505456
6332736844
5189654813
7097155160
6848432213
6369169588
7012903856
1576514926
989231164
7206775538
7220873258
5592909413
7248285292
7196041921
6376888568
7158490166
551498252
1293167470
717276
5895614392
1647557193
6691638401
6997539002
5276565149
6146742635
428360259
1550361818
6260784616
6648073748
7094993481
2076677720
423268658
6864490090
858426362
6279300741
1838043234
5907585199
5551937435
6370505341
7491215352
7111066003
6777106427
5238225996
7029005302
890513707
2129472087
5851995725
173284711
253991115
6776033273
6465282257
5367073868
7262980963
1137500283
7235125774
1767096011
6958894811
7245673614
1591432912
5787912951
1634394963
7202008531
584171451
1473280484
6715262455
6747136355
7423395232
6512034812
5926461678
85725160
1333980998
6473448700
1848626636
1185918831
5807943458
6213195098
7304058697
6889954178
7067320997
7106874641
1070157165
6305255297
1379811692
6749392980
7204442502
6007118818
5506355952
5464687450
6962238349
6449896168
7403840202
7128956401
1970731628
851084264
1141434879
6285945991
7225703518
7027443536
7311371069
7126668719
6930981435
6661403779
6553972194
6916531146
1712652406
730774983
616669150
851885908
7314639238
6100081445
7376581332
7317380128
5863750428
7490189956
6330779213
5872968747
7472239897
7197203229
6257982747
6346708684
7543017201
7058769205
6080146715
6631675829
7103998813
7304843124
6186836187
6669802459
6970554572
2019076412
6500310510
5894645503
7410008244
6248460467
7233796163
7542595925
1530856125
7013763365
5906247772
6097000035
7166159282
7376475524
7169676017
5642335941
1349905665
7290914008
7152391479
7543808063
7317553346
1655479571
6790489412
7182093940
2114687621
7339223875
7396414957
1704085382
7058924942
7278663258
6105679997
5513486801
7097729788
6317692188
7448971924
7298098006
6948775130
6191411788
5937386646
7220876943
6913923112
7424964150
5827700875
7164074783
6285534357
7006119060
7265088446
6586400646
7239143958
5821994516
7054839075
1049330862
7225592073
6397306764
6417880155
1688809501
7454450306
1389101767
6190963937
7418682666
6295049898
5215027071
7413879623
7137919622
7324074956
7283196885
7298615734
6473385234
7518547228
6524647629
6897727309
649634910
6794138182
6952355172
7267055613
6805566209
5068312694
7384427864
88915154
1057568382
117384785
5454699278
7321687838
6552841745
6909079330
7251766447
5670881532
6857188856
2001301638
5742390575
6013403134
6261495834
6794514356
1227601349
7430992979
7018040849
7527108250
7461884165
6317070168
7338594260
6054854814
5176121692
6479009626
6883827795
1307935786
7234741429
6005854002
5956242450
6783825581
7430949570
6357488876
7301742721
6438101176
5985130575
7494420241
862953955
7466245787
6204986883
6796155738
7318374202
6766003405
7441525160
6987304757
739480076
7379413751
7024937349
5884821754
7460079044
6849173048
5353177060
7367730296
6568802475
6410408781
7391637984
7530617573
1652240870
6607928128
1159486650
6432591751
7162505816
7024881959
5187983509
446548394
6954368394
6748561488
6656288337
6558223946
6313445183
6015492096
7255456522
139275647
7117930928
5083114301
6050118108
7501225606
7047225534
7212044118
6680494561
7445874611
1446293089
6782792852
5092052461
6522132529
7207177400
7464520564
7190782528
6865939524
94490764
1007452117
7267688116
347355757
5899483597
7364288477
1733489810
2036496212
6484809363
7151103325
6570095800
7075631308
7013101739
7464626589
1702035865
7062158473
5143125020
6518190881
7023517549
6963946933
1694599095
6848486013
5960650661
7529008172
6681941993
7026042459
7280777032
110565456
1661903297
6335708334
5408312439
5432413518
7207007501
7091218124
7261631533
7146994138
7469138589
7343171289
7299881636
6726848461
1961284730
7178842928
7347431268
7079751676
7354211962
7084735593
6706908631
1782645351
6656632068
6769132405
2120843729
6909126694
7393310157
5982494103
7339595489
6419885652
5471235952
6941341446
1326818381
6735437806
5415487998
5784806689
6945477597
2104384271
1572556286
5971720946
7139363465
6583190202
6583415160
5738907666
6950311763
6933653239
6567631563
5162838865
7409537190
7246933208
5446175219
5755087443
7287672588
6990020419
1614231189
5477184522
6749727799
7349858426
324635446
1884344121
7424588109
7290307195
6742389145
1841596031
5513931014
2092555377
6359064798
6923863216
1699195902
5184046984
7186246016
1145114482
5848263615
7131266623
7395342588
5568746882
7204575056
7543699925
7014431781
5852090589
7271820669
7067745509
7443624280
6538467653
6975923915
2057929402
5111293584
5828209677
6428674624
7043234822
7239996117
6805763680
7246277585
6947414132
7168173025
1028900461
6531169579
7112151577
7347313226
7212701863
6301432947
7530117062
1006194640
6431634156
6561041138
7506352427
2092714152
1289761150
816240400
7360556171
7473693981
5917028349
6617215680
6010143600
7170382376
7309128922
7407972991
6419636065
7442729159
727703740
6661207788
6864054912
5319141363
5201749549
6288339753
5424684688
7489534522
7259633612
7350475521
5930747365
6387886318
6740273794
6799444196
7019972526
5878718879
7486784123
6416103134
7067139392
5404733776
6997189860
7385162122
1975145386
6547985449
7108297071
6658725087
7183782311
1885975852
7180048446
546633441
7480103667
604635643
7500650716
7294273153
5262128719
7361239358
7521091167
7391569898
2056690388
1494677073
7510848892
6684894623
6288281171
6960422591
6253270841
7309074376
7085961335
6938511969
7419794597
7290101114
5678339755
7157220739
6454698948
6315161068
7202594523
7353332969
7255843672
7076015316
6300422928
7406785343
7298492738
6344745769
6630398759
7216820123
7356904823
7064041813
5435086797
6573062403
7522125081
7083224042
6780627354
7069937117
7137906844
7234015031
6023315407
7215777642
5733185094
7482385832
7009231483
6776925369
7377307445
7486209418
5943462028
7283602310
7430463342
6820399955
5584644337
7442256948
6757302352
7458209764
7446485165
726931091
732777391
6679937069
741618519
5328536199
6865872642
7465563091
7353846294
5580787756
7452602345
7310793589
1957828631
6314888710
5695151022
5190459661
1702685833
686858994
7443849070
7393557839
6537965340
7232321731
6614956995
7350317941
5094163763
6383879556
7255328299
1041567068
7098496856
7405223933
7504622730
7478734805
859817028
6388746812
1406503610
7403775832
7254900344
6149034029
7243414950
6766294690
6921685618
7159632612
6215027886
6826329367
7435089298
7203330239
7049110657
7175487119
6509543787
5618981651
5748299198
7259333303
1612051801
528545852
7504541655
6027087215
7197146822
7146534285
7266835231
6881781482
6136054740
7535439039
6835365880
6943655821
7317198407
6975134597
7058610615
7221365602
7283517950
768672388
6580805274
7213961893
7428023228
7103618716
6590244562
1674208451
7281820992
5482572278
6537191234
6505607421
7365284662
6730582997
7205082259
6309483228
6344717782
601565419
7414283838
1346852560
5400400989
6476949117
7377721712
7260856757
7163564415
7154851795
7445283960
6674008019
6765241791
7231875075
7307379915
6234919214
1063844985
6001145267
1140415001
2057864633
6063979573
7339620922
7395882780
6695596240
7451687421
1790437753
6446960816
7283709862
6299400094
7358898589
5382947551
7473743190
7544104208
6857687381
6740099784
939080457
7290137716
6052284277
6679444036
7540291896
6641027039
6782152610
6452179980
5782649017
7414766671
6578584838
7369560132
7310359511
7348976110
7435673589
7378131953
5834529470
7073923476
6832741674
1829536399
7542860889
6294027240
7187159425
7408635384
7327128855
7211058360
7019952351
5317181301
1902287629
7177870924
7090054032
2008240019
6383186670
6302838467
5543320610
5435056221
7431842645
7458672708
7515188037
7479353596
5885948208
7465181481
7227983190
7197146635
627586048
6458694734
6728936262
7432969862
7194673596
1060349286
6778422365
1793263321
6659220392
7386739179
7516045052
1218379659
7330219411
7445068483
6349941733
5305337343
1048936538
7158646482
313366244
7389831985
7278555822
6364598452
7346351445
7373382988
7123611043
7499112675
6905522199
6703322368
7319147061
7015358249
7282175179
5398845012
6347743873
7392465981
7001229158
1474620594
6947372689
6835724500
6752767343
7498333705
6100043964
7325022238
7041800254
1351064660
6383379753
5421422303
7359151571
1087004280
7132343117
6570400756
6479471654
1605074377
7231526525
7509491351
6590430912
6859448738
7246316037
6524541298
7453250525
6813990794
6890910983
6163670249
1003187022
7413381020
6752471134
5931401969
5012297375
6411045081
1215664196
6814406745
869566946
6440739957
7489176324
7075658668
6289634284
6340090015
6377113743
481621951
7168215548
6348567755
5881121385
322803791
6733468572
1250954618
7256400377
7379366586
5248370009
7414654993
7132545231
7211046371
6646188140
6827507714
7389576031
5719017727
5958966718
7055425537
1556777216
1799121463
7250524351
1431142050
5864492788
6238639964
6241334704
6324208954
6512322801
5825617417
7518708285
5914906822
7401609864
421048504
6991131489
6532574507
2085634794
7315566021
7456073293
807180797
6334447967
7475049835
1409776744
7256908677
7172334837
5658862059
6367512906
6680435288
7367518350
7381821042
7309343538
7406269213
7236715254
7437598989
7513475631
7333052146
5464411970
6027359515
7300400541
6976077795
6389645108
6923812141
7376308594
7403996743
7343909474
6119156886
7441522343
7214195261
6344822897
7187828305
5269163037
7081251369
7290658643
1699065816
6628049121
7473099122
7155821041
7201260225
7406416084
6995342949
7004081091
1919081872
5404242717
6967013463
6746899779
6365802306
6244272962
6735872462
7336277988
6574529623
7396225420
6324319499
7366568315
7169120695
1908649331
5975045200
6795764055
6176030823
441852411
6894802791
7499689949
6759410900
6350380799
7218051464
7062732825
6211832349
7004872393
6673468977
6665004877
7234930390
563373967
6728155478
7376555219
5122097343
7355334466
1477358885
1961984053
7025575372
6851956822
5995429649
6691265581
6035637718
6650329595
7143681296
93677941
526115107
6512282962
5508457599
6494270991
7034081192
6576629437
6913926297
5253031802
7416393512
6119148754
7415600850
6726174425
7394197761
6330601873
6138681244
7293785601
289068408
5392615293
6688157380
6409112384
174860411
6999956765
6543354686
5964575914
6462181535
6875652831
7096498207
6808775554
6305578348
101214906
6758871591
1621072071
7429021298
6125620096
5603806573
1969613062
7232301334
7146152416
7170189036
6032824286
7362570197
6572493580
1705123353
1860132206
1926797207
7248248944
6986919147
7324653200
7492762913
7146539036
935551079
6117600431
5733976950
6841118190
6269000565
6311230008
7401003831
1232831101
7282093868
6855914371
6221065139
5257670362
7247034997
5333221990
5935107638
6623141738
7089979319
1011943867
7135492939
6876900615
533819519
7392108269
6369158879
7387359290
5406248620
5215215717
7047776806
6113376211
5432473003
7448732822
5012292535
679249338
6184800477
1335050190
5775636591
6592716388
7482760383
7055195183
7126614233
5687862198
6229145338
240424721
5721550859
6467972831
6422904522
7207359281
716330459
91697046
7240650407
7484976114
7368385562
6461209168
179618547
1133598846
5142053795
6476532444
7372375096
6173080920
1331659
5786948588
7282514646
1174769274
175935605
6818956957
6635989708
5339699867
7102326380
1297122939
6764492712
1124567077
6144524450
6868988292
7226498734
6466632500
6486589382
6154209618
6784649615
6536853491
7201995950
2095483640
7427568378
6575384610
7394582479
7380456179
7483402448
7526010336
7109518118
5519967755
7343957929
7475849697
6792666010
86624957
1635239868
1607135297
7017027493
7340831734
7104929977
6172633909
6484716394
6404381198
7200333735
6408262613
1951881914
7129227362
7147941939
1748416837
7439626879
7454078381
6090749773
7310597753
7361569446
1286658460
6599797129
7245700167
6456731902
6921841428
7491910242
7155296388
7064154207
6490934830
7281320301
7460583324
7509690827
7371603892
7290187497
6090312098
7261324365
7388321814
6420689857
7206247207
7238518257
6231716911
6602925185
5476060294
1107745665
5965154347
7543503553
7322285964
7122774913
6495069963
6602298052
6799957482
7051659170
6483825987
6982384237
5309414449
7251251996
5236206534
5832775807
5982723852
7272874879
7310720795
7442662922
7431206063
7310916141
1966603545
6720807160
2105843535
6005887212
7242056153
7372974736
91388938
7291846839
6990990040
6997875992
2004924472
73073904
436377238
517562446
7038899978
5170867349
7325657223
5479225969
7310406229
7076777473
5996391889
1885279065
1027537443
7506452564
6999594874
7391236072
93872299
7434189845
6972303456
7270126220
7223550036
7495161059
7007931598
5096431811
7285446956
6480797937
6618589473
7525269471
129372321
6702034505
6448041892
6629375177
6076520553
1533652982
7201812970
6914286098
5955395167
7319313898
7174349833
6659388983
6018379111
6127639150
7258100638
2081542446
7125794602
7368352495
5166017380
1513933192
6591007306
7107908186
7503515851
5354201842
7293645350
7450959636
7250589907
6067321520
6602092005
5857824812
5878563359
6879836433
7369956757
5962061666
6932807911
5744508937
7096680449
7240722253
7403856341
7022212288
1694605375
7307444151
7167567455
7223308345
538031815
7151386973
32459157
7121852758
6510398124
5582109753
6923084309
7141894708
5833827323
7248858943
7494436222
1572019716
82936780
1168211333
752330699
160254584
114023430
5426130854
7046065763
897043221
6583190398
5816629982
6993597935
5569987093
6185397892
7155414208
1189401361
6912185069
6400942181
5586201056
7173563469
1508570534
5098105485
7459177010
7233923119
7439186434
93806023
7430038531
6336365497
5761062814
6452032193
5704378986
2095594199
6580845502
1586452779
1813590482
7526649898
1745356324
5185173263
6211607380
1405333183
5389089527
6577058661
1380475748
7289566686
6670492107
5044383014
6411083300
6822645996
6897442250
7258500150
6319228403
6675002326
7060799478
6066942969
6679504503
433364725
7319975687
6434867458
5622119932
5659505053
2108898979
1123956455
6554112681
6584322193
6807145988
6929837868
7470142364
5674727643
1200528503
1669862950
6808251270
7441788992
7217757651
1195405843
7053964638
7233843193
1612655464
6686373532
7487262730
5035639292
6006577178
6348166260
6489895354
754978288
6990191564
258280883
6467882234
7331172514
7531626558
5510622087
7381678444
6194418651
1401003143
5926584332
7153492249
5460797657
5884468231
5891268621
993590322
91409869
7031880629
6808791659
7453762077
5431274459
6926302090
312814168
7098911744
7185929994
5198569796
1381318496
6965508053
864411496
7183833736
1305179443
6915809911
6630840703
6643297571
7008162312
5838095775
273032074
895797259
6244180970
7506955157
6988284333
1147457784
6618796632
7226184275
1793667010
7187688129
6852071682
7324932409
849488197
6863749140
1370784419
7025189725
6621806839
7288811497
6108318752
6390020005
6542081815
751846865
234414409
6527689144
6956822418
2144080299
1917212102
7231455677
6060008652
6478297549
7248986839
6558455819
5077688210
5836487149
7226747749
7347138017
5176412228
7058750472
442053207
1082549537
7444127781
6677408716
7077980074
6023066335
5601952533
5134738123
7232715233
7431608410
7275902374
82183164
530500002
1304107611
1737854515
6695052048
160316819
6372630538
6494339161
6768182296
5986422388
6352061704
664660602
1578751984
7149666036
6533893896
6994482241
6371318178
1496332023
1985604575
5313149932
7187871157
6992317845
1992840655
7262883037
7356775637
2013159559
6567426823
7284081173
7043294448
7421931992
6662670289
6461388966
5205652585
6699350171
5246171084
7056216397
5592720747
228573016
6967074970
7307579952
6539999144
7200859365
7328623629
7265066879
6242114935
6503110683
7213176933
963125175
6427764648
7282610841
69395713
6566121617
6572897657
739855521
6416099303
2029189840
5111185611
1214658887
5890532453
7295228956
7031952546
7107323841
857469260
6167305264
983648912
6468518724
6307738805
1045711980
5214223402
7320226657
2098952079
1282988801
7345627034
6156323457
850852410
1204909682
7318917237
1367787076
5839871071
7383134048
7073779100
6532830658
6577102769
870786067
862952446
6254771763
171569193
7157532761
6840100665
6867116823
6617092860
7304296983
5257624165
6825386173
5863680232
5674128237
6532239700
6852288882
6969385264
7361384838
1694830125
6646942810
7422774821
965286023
309441839
991028948
7284579661
6363421714
5166203473
861607831
7492301852
6136245290
5558569569
6950952039
6864248509
5161396985
7424437519
7002825174
7184601280
7160582935
7144762460
697767399
6185307332
6815478126
7145109815
6814037017
5228593054
7192127667
5476372619
6814315830
6001159114
7030312659
5634443753
6252938981
5436995834
6851432690
7290328763
6553950323
5070513948
7486852898
7303622937
7412998656
5306812306
6591823165
7107416422
7247045665
6772775009
5877914881
5423423773
7378463944
7345415302
7256019409
635290016
6310604786
7147701468
6960736193
7110440811
5805245164
7521125760
1240070440
1495463501
1806437637
7239102801
6436006186
7488950161
6902259420
6809964607
7449494694
1073475973
933621820
1580747109
6676803555
702875233
6228499514
754556981
5934457281
6063352677
6727755239
6261367832
6289792257
5697362554
5583995181
6020292589
2145264606
6391576525
7280199321
5104504503
1073464782
1412774028
987726325
5199864904
1992404633
6635675467
1111994005
6993776121
6936211058
5194109213
440936910
7074661794
1324681917
1878037458
1448911148
7437410466
1715612470
7376383078
5818793922